    0.000000    0.124997
    0.002494    0.000000
    0.004988    0.000000
    0.007481    0.000000
    0.009975    0.000000
    0.012469    0.000000
    0.014963    0.000000
    0.017456    0.000000
    0.019950    0.000000
    0.022444    0.000000
    0.024938    0.000000
    0.027431    0.000000
    0.029925    0.000000
    0.032419    0.000000
    0.034913    0.000000
    0.037406    0.000000
    0.039900    0.000000
    0.042394    0.000000
    0.044888    0.000000
    0.047382    0.000000
    0.049875    0.000000
    0.052369    0.000000
    0.054863    0.000000
    0.057357    0.000000
    0.059850    0.000000
    0.062344    0.000000
    0.064838    0.000000
    0.067332    0.000000
    0.069825    0.000000
    0.072319    0.000000
    0.074813    0.000000
    0.077307    0.000000
    0.079800    0.000000
    0.082294    0.000000
    0.084788    0.000000
    0.087282    0.000000
    0.089776    0.000000
    0.092269    0.000000
    0.094763    0.000000
    0.097257    0.000000
    0.099751    0.000000
    0.102244    0.124997
    0.104738    0.124991
    0.107232    0.124979
    0.109726    0.124960
    0.112219    0.124935
    0.114713    0.124904
    0.117207    0.124867
    0.119701    0.124823
    0.122195    0.124773
    0.124688    0.124717
    0.127182    0.124655
    0.129676    0.124587
    0.132170    0.124512
    0.134663    0.124431
    0.137157    0.124344
    0.139651    0.124251
    0.142145    0.124152
    0.144638    0.124046
    0.147132    0.123934
    0.149626    0.123816
    0.152120    0.123691
    0.154613    0.123561
    0.157107    0.123424
    0.159601    0.123281
    0.162095    0.123132
    0.164589    0.122976
    0.167082    0.122815
    0.169576    0.122647
    0.172070    0.122473
    0.174564    0.122292
    0.177057    0.122106
    0.179551    0.121913
    0.182045    0.121714
    0.184539    0.121509
    0.187032    0.121297
    0.189526    0.121080
    0.192020    0.120856
    0.194514    0.120626
    0.197007    0.120389
    0.199501    0.120147
    0.201995    0.119898
    0.204489    0.119643
    0.206983    0.119382
    0.209476    0.119115
    0.211970    0.118841
    0.214464    0.118561
    0.216958    0.118275
    0.219451    0.117983
    0.221945    0.117684
    0.224439    0.117380
    0.226933    0.117069
    0.229426    0.116752
    0.231920    0.116428
    0.234414    0.116099
    0.236908    0.115763
    0.239401    0.115421
    0.241895    0.115072
    0.244389    0.114718
    0.246883    0.114357
    0.249377    0.113990
    0.251870    0.113617
    0.254364    0.113238
    0.256858    0.112852
    0.259352    0.112461
    0.261845    0.112063
    0.264339    0.111658
    0.266833    0.111248
    0.269327    0.110831
    0.271820    0.110408
    0.274314    0.109979
    0.276808    0.109544
    0.279302    0.109103
    0.281796    0.108655
    0.284289    0.108201
    0.286783    0.107741
    0.289277    0.107274
    0.291771    0.106802
    0.294264    0.106323
    0.296758    0.105838
    0.299252    0.105346
    0.301746    0.104849
    0.304239    0.104345
    0.306733    0.103835
    0.309227    0.103319
    0.311721    0.102797
    0.314214    0.102268
    0.316708    0.101733
    0.319202    0.101192
    0.321696    0.100645
    0.324190    0.100092
    0.326683    0.099532
    0.329177    0.098966
    0.331671    0.098394
    0.334165    0.097815
    0.336658    0.097231
    0.339152    0.096640
    0.341646    0.096043
    0.344140    0.095440
    0.346633    0.094830
    0.349127    0.094215
    0.351621    0.093593
    0.354115    0.092965
    0.356608    0.092331
    0.359102    0.091690
    0.361596    0.091043
    0.364090    0.090390
    0.366584    0.089731
    0.369077    0.089066
    0.371571    0.088394
    0.374065    0.087716
    0.376559    0.087032
    0.379052    0.086342
    0.381546    0.085645
    0.384040    0.084943
    0.386534    0.084234
    0.389027    0.083519
    0.391521    0.082797
    0.394015    0.082070
    0.396509    0.081336
    0.399002    0.080596
    0.401496    0.079849
    0.403990    0.079097
    0.406484    0.078338
    0.408978    0.077573
    0.411471    0.076802
    0.413965    0.076025
    0.416459    0.075241
    0.418953    0.074452
    0.421446    0.073656
    0.423940    0.072853
    0.426434    0.072045
    0.428928    0.071230
    0.431421    0.070409
    0.433915    0.069582
    0.436409    0.068749
    0.438903    0.067909
    0.441397    0.067064
    0.443890    0.066212
    0.446384    0.065353
    0.448878    0.064489
    0.451372    0.063618
    0.453865    0.062742
    0.456359    0.061858
    0.458853    0.060969
    0.461347    0.060074
    0.463840    0.059172
    0.466334    0.058264
    0.468828    0.057350
    0.471322    0.056429
    0.473815    0.055503
    0.476309    0.054570
    0.478803    0.053631
    0.481297    0.052686
    0.483791    0.051734
    0.486284    0.050777
    0.488778    0.049813
    0.491272    0.048843
    0.493766    0.047866
    0.496259    0.046884
    0.498753    0.045895
    0.501247    0.044900
    0.503741    0.043899
    0.506234    0.042891
    0.508728    0.041877
    0.511222    0.040858
    0.513716    0.039831
    0.516209    0.038799
    0.518703    0.037761
    0.521197    0.036716
    0.523691    0.035665
    0.526185    0.034608
    0.528678    0.033544
    0.531172    0.032475
    0.533666    0.031399
    0.536160    0.030317
    0.538653    0.029228
    0.541147    0.028134
    0.543641    0.027033
    0.546135    0.025926
    0.548628    0.024813
    0.551122    0.023694
    0.553616    0.022568
    0.556110    0.021436
    0.558603    0.020298
    0.561097    0.019154
    0.563591    0.018003
    0.566085    0.016847
    0.568579    0.015684
    0.571072    0.014515
    0.573566    0.013339
    0.576060    0.012158
    0.578554    0.010970
    0.581047    0.009776
    0.583541    0.008576
    0.586035    0.007369
    0.588529    0.006157
    0.591022    0.004938
    0.593516    0.003713
    0.596010    0.002481
    0.598504    0.001244
    0.600998    0.000000
    0.603491    0.000000
    0.605985    0.000000
    0.608479    0.000000
    0.610973    0.000000
    0.613466    0.000000
    0.615960    0.000000
    0.618454    0.000000
    0.620948    0.000000
    0.623441    0.000000
    0.625935    0.000000
    0.628429    0.000000
    0.630923    0.000000
    0.633416    0.000000
    0.635910    0.000000
    0.638404    0.000000
    0.640898    0.000000
    0.643392    0.000000
    0.645885    0.000000
    0.648379    0.000000
    0.650873    0.000000
    0.653367    0.000000
    0.655860    0.000000
    0.658354    0.000000
    0.660848    0.000000
    0.663342    0.000000
    0.665835    0.000000
    0.668329    0.000000
    0.670823    0.000000
    0.673317    0.000000
    0.675810    0.000000
    0.678304    0.000000
    0.680798    0.000000
    0.683292    0.000000
    0.685786    0.000000
    0.688279    0.000000
    0.690773    0.000000
    0.693267    0.000000
    0.695761    0.000000
    0.698254    0.000000
    0.700748    0.000000
    0.703242    0.000000
    0.705736    0.000000
    0.708229    0.000000
    0.710723    0.000000
    0.713217    0.000000
    0.715711    0.000000
    0.718204    0.000000
    0.720698    0.000000
    0.723192    0.000000
    0.725686    0.000000
    0.728180    0.000000
    0.730673    0.000000
    0.733167    0.000000
    0.735661    0.000000
    0.738155    0.000000
    0.740648    0.000000
    0.743142    0.000000
    0.745636    0.000000
    0.748130    0.000000
    0.750623    0.000000
    0.753117    0.000000
    0.755611    0.000000
    0.758105    0.000000
    0.760599    0.000000
    0.763092    0.000000
    0.765586    0.000000
    0.768080    0.000000
    0.770574    0.000000
    0.773067    0.000000
    0.775561    0.000000
    0.778055    0.000000
    0.780549    0.000000
    0.783042    0.000000
    0.785536    0.000000
    0.788030    0.000000
    0.790524    0.000000
    0.793017    0.000000
    0.795511    0.000000
    0.798005    0.124997
    0.800499    0.000000
    0.802993    0.000000
    0.805486    0.000000
    0.807980    0.000000
    0.810474    0.000000
    0.812968    0.000000
    0.815461    0.000000
    0.817955    0.000006
    0.820449    0.000006
    0.822943    0.000006
    0.825436    0.000006
    0.827930    0.000006
    0.830424    0.000006
    0.832918    0.000006
    0.835411    0.000006
    0.837905    0.000006
    0.840399    0.000006
    0.842893    0.000006
    0.845387    0.000006
    0.847880    0.000006
    0.850374    0.000006
    0.852868    0.000006
    0.855362    0.000006
    0.857855    0.000006
    0.860349    0.000006
    0.862843    0.000006
    0.865337    0.000006
    0.867830    0.000006
    0.870324    0.000006
    0.872818    0.000006
    0.875312    0.000006
    0.877805    0.000006
    0.880299    0.000006
    0.882793    0.000006
    0.885287    0.000006
    0.887781    0.000006
    0.890274    0.000006
    0.892768    0.000006
    0.895262    0.000006
    0.897756    0.000003
    0.900249    0.000006
    0.902743    0.000009
    0.905237    0.000012
    0.907731    0.000016
    0.910224    0.000019
    0.912718    0.000022
    0.915212    0.000025
    0.917706    0.000028
    0.920200    0.000031
    0.922693    0.000034
    0.925187    0.000037
    0.927681    0.000040
    0.930175    0.000044
    0.932668    0.000047
    0.935162    0.000050
    0.937656    0.000053
    0.940150    0.000056
    0.942643    0.000059
    0.945137    0.000062
    0.947631    0.000065
    0.950125    0.000068
    0.952618    0.000072
    0.955112    0.000075
    0.957606    0.000078
    0.960100    0.000081
    0.962594    0.000084
    0.965087    0.000087
    0.967581    0.000090
    0.970075    0.000093
    0.972569    0.000096
    0.975062    0.000100
    0.977556    0.000103
    0.980050    0.000106
    0.982544    0.000109
    0.985037    0.000112
    0.987531    0.000115
    0.990025    0.000118
    0.992519    0.000121
    0.995012    0.000124
    0.997506    0.000127
    1.000000    0.000131
